000011 742.00 49.00 10.00 38.24
000011 627.00 150.00 3.00 127.48
000011 731.00 128.00 10.00 38.24
000011 711.00 58.00 9.00 42.49
000011 720.00 66.00 10.00 38.24
000011 731.00 127.00 10.00 38.24
000011 635.00 135.00 5.00 76.49
000011 627.00 129.00 4.00 95.61
000011 738.00 50.00 10.00 38.24
000011 738.00 61.00 10.00 38.24
000011 626.00 131.00 4.00 95.61
000011 719.00 46.00 10.00 38.24
000011 753.00 35.00 10.00 38.24
000011 725.00 53.00 9.00 42.49
000011 738.00 61.00 10.00 38.24
000011 709.00 71.00 9.00 42.49
000011 711.00 70.00 9.00 42.49
000011 626.00 151.00 2.00 191.22
000011 742.00 49.00 10.00 38.24
000011 626.00 151.00 2.00 191.22
000011 742.00 49.00 10.00 38.24
000011 785.00 95.00 16.00 23.90
000011 627.00 151.00 3.00 127.48
000011 634.00 141.00 3.00 127.48
000011 634.00 135.00 3.00 127.48
000011 715.00 47.00 9.00 42.49
000011 728.00 53.00 10.00 38.24
000011 710.00 55.00 8.00 47.81
000011 626.00 131.00 4.00 95.61
000011 630.00 143.00 3.00 127.48
000011 728.00 42.00 10.00 38.24
000011 719.00 66.00 9.00 42.49
000011 632.00 164.00 3.00 127.48
000011 632.00 143.00 4.00 95.61
000011 627.00 149.00 2.00 191.22
000011 720.00 142.00 9.00 42.49
000011 731.00 52.00 10.00 38.24
000011 738.00 129.00 10.00 38.24
000011 726.00 64.00 10.00 38.24
000011 742.00 131.00 11.00 34.77
000011 727.00 42.00 8.00 47.81
000011 659.00 148.00 4.00 95.61
000011 679.00 88.00 7.00 54.63
000011 738.00 130.00 11.00 34.77
000011 740.00 135.00 10.00 38.24
000011 720.00 134.00 9.00 42.49
000011 634.00 148.00 4.00 95.61
000011 660.00 150.00 5.00 76.49
000011 722.00 143.00 9.00 42.49
000011 445.00 143.00 15.00 25.50
000011 681.00 85.00 7.00 54.63
000011 754.00 139.00 12.00 31.87
000011 726.00 146.00 9.00 42.49
000011 739.00 128.00 10.00 38.24
000011 634.00 147.00 5.00 76.49
000011 445.00 144.00 15.00 25.50
000011 659.00 149.00 4.00 95.61
000011 721.00 143.00 9.00 42.49
000011 636.00 153.00 4.00 95.61
000011 683.00 85.00 8.00 47.81
000011 722.00 54.00 9.00 42.49
000011 770.00 164.00 14.00 27.32
000011 749.00 140.00 11.00 34.77
000011 766.00 157.00 14.00 27.32
000011 655.00 143.00 3.00 127.48
000012 1111.00 120.00 29.00 13.25
000012 1109.00 128.00 29.00 13.25
000012 1160.00 134.00 33.00 11.65
000012 1198.00 136.00 35.00 10.98
000012 985.00 140.00 20.00 19.22
000012 1104.00 115.00 29.00 13.25
000012 1115.00 121.00 29.00 13.25
000012 865.00 58.00 11.00 34.94
000012 846.00 80.00 10.00 38.44
000012 864.00 59.00 12.00 32.03
000012 751.00 108.00 2.00 192.19
000012 1101.00 114.00 28.00 13.73
000012 1103.00 124.00 29.00 13.25
000012 795.00 91.00 5.00 76.87
000012 1099.00 113.00 27.00 14.24
000012 1110.00 128.00 29.00 13.25
000012 750.00 107.00 1.00 384.37
000012 864.00 58.00 12.00 32.03
000012 985.00 140.00 20.00 19.22
000012 788.00 96.00 5.00 76.87
000012 854.00 78.00 11.00 34.94
000012 985.00 142.00 20.00 19.22
000012 842.00 72.00 9.00 42.71
000012 884.00 145.00 13.00 29.57
000012 987.00 140.00 21.00 18.30
000012 746.00 104.00 1.00 384.37
000012 993.00 64.00 20.00 19.22
000012 873.00 110.00 12.00 32.03
000012 980.00 114.00 20.00 19.22
000012 1112.00 119.00 30.00 12.81
000012 950.00 154.00 18.00 21.35
000012 996.00 60.00 21.00 18.30
000012 1110.00 128.00 29.00 13.25
000012 995.00 184.00 20.00 19.22
000012 997.00 191.00 21.00 18.30
000012 989.00 162.00 20.00 19.22
000012 864.00 69.00 11.00 34.94
000012 1101.00 114.00 29.00 13.25
000012 905.00 128.00 15.00 25.62
000012 987.00 141.00 21.00 18.30
000012 751.00 112.00 2.00 192.19
000012 907.00 129.00 15.00 25.62
000012 842.00 72.00 9.00 42.71
000012 907.00 170.00 14.00 27.46
000012 989.00 135.00 21.00 18.30
000012 888.00 129.00 13.00 29.57
000012 994.00 185.00 21.00 18.30
000012 910.00 147.00 14.00 27.46
000012 852.00 78.00 10.00 38.44
000012 896.00 165.00 13.00 29.57
000012 894.00 165.00 13.00 29.57
000012 791.00 92.00 6.00 64.06
000012 1115.00 121.00 30.00 12.81
000012 855.00 74.00 10.00 38.44
000012 909.00 171.00 14.00 27.46
000012 829.00 92.00 8.00 48.05
000012 988.00 134.00 20.00 19.22
000012 992.00 137.00 21.00 18.30
000012 860.00 73.00 10.00 38.44
000012 985.00 154.00 20.00 19.22
000012 950.00 172.00 18.00 21.35
000012 793.00 91.00 4.00 96.09
000012 975.00 145.00 19.00 20.23
000012 864.00 118.00 11.00 34.94
000012 748.00 106.00 2.00 192.19
000012 1060.00 39.00 26.00 14.78
000012 988.00 134.00 21.00 18.30
000012 854.00 76.00 10.00 38.44
000012 976.00 145.00 19.00 20.23
000012 847.00 83.00 10.00 38.44
000012 895.00 171.00 12.00 32.03
000012 933.00 150.00 15.00 25.62
000012 947.00 155.00 18.00 21.35
000012 894.00 163.00 13.00 29.57
000012 930.00 163.00 16.00 24.02
000012 931.00 168.00 16.00 24.02
000012 896.00 159.00 13.00 29.57
000012 945.00 160.00 18.00 21.35
000012 989.00 164.00 21.00 18.30
000012 791.00 95.00 5.00 76.87
000012 854.00 78.00 9.00 42.71
000012 894.00 170.00 13.00 29.57
000012 854.00 76.00 9.00 42.71
000012 799.00 95.00 5.00 76.87
000012 977.00 146.00 19.00 20.23
000012 791.00 139.00 5.00 76.87
000012 896.00 176.00 12.00 32.03
000012 1106.00 125.00 28.00 13.73
000012 794.00 87.00 5.00 76.87
000012 944.00 161.00 16.00 24.02
000012 945.00 159.00 17.00 22.61
000012 933.00 151.00 16.00 24.02
000012 896.00 180.00 13.00 29.57
000012 918.00 159.00 15.00 25.62
000012 785.00 145.00 5.00 76.87
000012 987.00 159.00 21.00 18.30
000012 933.00 160.00 16.00 24.02
000012 810.00 133.00 7.00 54.91
000012 835.00 88.00 9.00 42.71
000012 785.00 144.00 5.00 76.87
000012 791.00 138.00 5.00 76.87
000012 919.00 161.00 15.00 25.62
000012 941.00 177.00 16.00 24.02
000012 989.00 162.00 21.00 18.30
000012 865.00 164.00 11.00 34.94
000012 846.00 164.00 10.00 38.44
000012 864.00 170.00 11.00 34.94
000012 864.00 170.00 11.00 34.94
000012 845.00 82.00 10.00 38.44
000012 939.00 190.00 16.00 24.02
000013 736.00 183.00 45.00 8.42
000013 732.00 274.00 45.00 8.42
000013 738.00 179.00 45.00 8.42
000013 736.00 177.00 45.00 8.42
000013 677.00 168.00 45.00 8.42
000013 714.00 287.00 43.00 8.81
000013 738.00 218.00 45.00 8.42
000013 711.00 286.00 43.00 8.81
000013 727.00 281.00 45.00 8.42
000013 732.00 197.00 45.00 8.42
000013 650.00 166.00 44.00 8.61
000013 726.00 275.00 45.00 8.42
000013 736.00 191.00 45.00 8.42
000013 650.00 280.00 43.00 8.81
000013 726.00 280.00 44.00 8.61
000013 742.00 274.00 45.00 8.42
000013 644.00 204.00 42.00 9.02
000013 738.00 191.00 45.00 8.42
000013 383.00 251.00 42.00 9.02
000013 671.00 158.00 43.00 8.81
000013 712.00 287.00 43.00 8.81
000013 680.00 166.00 43.00 8.81
000013 373.00 251.00 43.00 8.81
000013 648.00 281.00 42.00 9.02
000013 672.00 168.00 44.00 8.61
000013 744.00 284.00 45.00 8.42
000013 734.00 291.00 45.00 8.42
000013 742.00 282.00 43.00 8.81
000013 738.00 178.00 45.00 8.42
000013 373.00 276.00 42.00 9.02
000013 679.00 166.00 43.00 8.81
000013 652.00 211.00 43.00 8.81
000013 737.00 220.00 45.00 8.42
000013 744.00 179.00 45.00 8.42
000013 736.00 220.00 44.00 8.61
000013 742.00 285.00 44.00 8.61
000013 736.00 291.00 43.00 8.81
000013 647.00 279.00 42.00 9.02
000013 376.00 244.00 43.00 8.81
000013 734.00 290.00 43.00 8.81
000013 736.00 190.00 45.00 8.42
000013 370.00 233.00 43.00 8.81
000013 740.00 194.00 45.00 8.42
000013 397.00 270.00 43.00 8.81
000013 376.00 241.00 43.00 8.81
000013 729.00 188.00 45.00 8.42
000013 737.00 292.00 43.00 8.81
000013 318.00 104.00 42.00 9.02
000013 738.00 292.00 44.00 8.61
000013 672.00 169.00 43.00 8.81
000013 736.00 281.00 44.00 8.61
000013 371.00 233.00 43.00 8.81
000013 373.00 270.00 43.00 8.81
000013 672.00 170.00 43.00 8.81
000013 674.00 165.00 43.00 8.81
000013 367.00 232.00 44.00 8.61
000013 364.00 229.00 43.00 8.81
000013 737.00 206.00 45.00 8.42
000013 366.00 234.00 43.00 8.81
000014 390.00 222.00 18.00 21.04
000014 391.00 220.00 19.00 19.94
000014 344.00 166.00 21.00 18.04
000014 290.00 165.00 21.00 18.04
000014 390.00 222.00 19.00 19.94
000014 391.00 223.00 20.00 18.94
000014 349.00 129.00 21.00 18.04
000014 334.00 109.00 22.00 17.22
000014 317.00 184.00 22.00 17.22
000014 280.00 169.00 23.00 16.47
000014 344.00 165.00 21.00 18.04
000014 349.00 128.00 20.00 18.94
000014 354.00 137.00 20.00 18.94
000014 382.00 131.00 21.00 18.04
000014 361.00 126.00 21.00 18.04
000014 279.00 169.00 23.00 16.47
000014 698.00 203.00 12.00 31.57
000014 697.00 201.00 12.00 31.57
000014 250.00 158.00 22.00 17.22
000014 392.00 220.00 20.00 18.94
000014 390.00 222.00 19.00 19.94
000014 475.00 96.00 18.00 21.04
000014 281.00 168.00 22.00 17.22
000014 696.00 186.00 12.00 31.57
000014 344.00 166.00 20.00 18.94
000014 309.00 123.00 22.00 17.22
000014 275.00 191.00 21.00 18.04
000014 274.00 193.00 22.00 17.22
000014 698.00 203.00 12.00 31.57
000014 343.00 108.00 20.00 18.94
000014 281.00 168.00 22.00 17.22
000014 284.00 167.00 23.00 16.47
000014 308.00 122.00 21.00 18.04
000014 689.00 202.00 12.00 31.57
000014 696.00 204.00 12.00 31.57
000014 251.00 131.00 23.00 16.47
000014 472.00 102.00 18.00 21.04
000014 359.00 164.00 21.00 18.04
000014 403.00 226.00 20.00 18.94
000014 279.00 187.00 22.00 17.22
000014 282.00 191.00 22.00 17.22
000014 695.00 194.00 12.00 31.57
000014 343.00 108.00 20.00 18.94
000014 274.00 55.00 23.00 16.47
000014 314.00 116.00 22.00 17.22
000014 343.00 166.00 20.00 18.94
000014 281.00 168.00 22.00 17.22
000014 402.00 226.00 18.00 21.04
000014 244.00 158.00 22.00 17.22
000014 312.00 140.00 22.00 17.22
000014 246.00 133.00 23.00 16.47
000014 696.00 173.00 12.00 31.57
000014 311.00 140.00 22.00 17.22
000014 470.00 209.00 17.00 22.28
000014 269.00 168.00 22.00 17.22
000014 338.00 109.00 21.00 18.04
000014 270.00 107.00 23.00 16.47
000014 468.00 98.00 17.00 22.28
000014 291.00 164.00 22.00 17.22
000014 473.00 109.00 18.00 21.04
000014 402.00 222.00 18.00 21.04
000014 473.00 95.00 18.00 21.04
000014 470.00 107.00 17.00 22.28
000014 400.00 52.00 21.00 18.04
000014 348.00 128.00 20.00 18.94
000014 693.00 203.00 12.00 31.57
000014 690.00 173.00 12.00 31.57
000014 382.00 116.00 21.00 18.04
000014 480.00 109.00 17.00 22.28
000014 481.00 102.00 18.00 21.04
000014 492.00 209.00 17.00 22.28
000014 270.00 166.00 22.00 17.22
000014 403.00 226.00 19.00 19.94
000014 394.00 134.00 20.00 18.94
000014 343.00 108.00 20.00 18.94
000014 354.00 137.00 20.00 18.94
000014 366.00 183.00 20.00 18.94
000014 317.00 66.00 21.00 18.04
000014 311.00 139.00 21.00 18.04
000014 482.00 109.00 18.00 21.04
000014 245.00 137.00 23.00 16.47
000014 223.00 153.00 22.00 17.22
000014 479.00 93.00 18.00 21.04
000014 684.00 197.00 12.00 31.57
000014 683.00 157.00 12.00 31.57
000014 470.00 107.00 18.00 21.04
000014 375.00 49.00 21.00 18.04
000014 309.00 138.00 20.00 18.94
000014 498.00 207.00 18.00 21.04
000014 696.00 186.00 11.00 34.44
000014 370.00 124.00 21.00 18.04
000014 711.00 161.00 11.00 34.44
000014 375.00 116.00 21.00 18.04
000014 483.00 107.00 18.00 21.04
000014 683.00 196.00 12.00 31.57
000014 472.00 109.00 17.00 22.28
000014 498.00 203.00 17.00 22.28
000014 279.00 189.00 23.00 16.47
000014 681.00 161.00 12.00 31.57
000014 251.00 158.00 23.00 16.47
000014 688.00 176.00 11.00 34.44
000014 223.00 154.00 23.00 16.47
000014 478.00 218.00 18.00 21.04
000014 245.00 138.00 22.00 17.22
000014 230.00 161.00 23.00 16.47
000014 278.00 189.00 21.00 18.04
000014 347.00 126.00 20.00 18.94
000014 498.00 213.00 16.00 23.67
000014 358.00 163.00 21.00 18.04
000014 304.00 62.00 23.00 16.47
000014 683.00 195.00 13.00 29.14
000014 252.00 130.00 22.00 17.22
000014 684.00 190.00 11.00 34.44
000014 696.00 173.00 12.00 31.57
000014 682.00 195.00 12.00 31.57
000014 220.00 125.00 23.00 16.47
000014 308.00 67.00 22.00 17.22
000015 799.00 111.00 10.00 38.44
000015 800.00 112.00 10.00 38.44
000015 800.00 119.00 10.00 38.44
000015 800.00 112.00 10.00 38.44
000015 800.00 120.00 10.00 38.44
000015 798.00 112.00 10.00 38.44
000015 699.00 166.00 4.00 96.09
000015 659.00 95.00 2.00 192.19
000015 674.00 133.00 4.00 96.09
000015 706.00 95.00 4.00 96.09
000015 660.00 95.00 2.00 192.19
000015 644.00 157.00 2.00 192.19
000015 672.00 149.00 3.00 128.12
000015 664.00 171.00 3.00 128.12
000015 700.00 166.00 4.00 96.09
000015 799.00 120.00 10.00 38.44
000015 660.00 96.00 3.00 128.12
000015 702.00 159.00 5.00 76.87
000015 762.00 121.00 7.00 54.91
000015 799.00 112.00 10.00 38.44
000015 659.00 95.00 2.00 192.19
000015 688.00 186.00 4.00 96.09
000015 763.00 120.00 7.00 54.91
000015 701.00 166.00 4.00 96.09
000015 1037.00 71.00 29.00 13.25
000015 711.00 100.00 4.00 96.09
000015 645.00 161.00 3.00 128.12
000015 700.00 166.00 5.00 76.87
000015 712.00 100.00 5.00 76.87
000015 691.00 177.00 4.00 96.09
000015 1074.00 58.00 33.00 11.65
000015 661.00 173.00 4.00 96.09
000015 702.00 167.00 5.00 76.87
000015 647.00 131.00 3.00 128.12
000015 645.00 157.00 3.00 128.12
000015 691.00 180.00 5.00 76.87
000015 659.00 172.00 4.00 96.09
000015 785.00 149.00 9.00 42.71
000015 656.00 167.00 3.00 128.12
000015 677.00 167.00 4.00 96.09
000015 645.00 158.00 2.00 192.19
000015 695.00 174.00 4.00 96.09
000015 702.00 158.00 6.00 64.06
000015 655.00 166.00 3.00 128.12
000015 676.00 169.00 4.00 96.09
000015 712.00 100.00 5.00 76.87
000015 688.00 112.00 4.00 96.09
000015 696.00 176.00 5.00 76.87
000015 696.00 175.00 5.00 76.87
000015 1075.00 57.00 33.00 11.65
000015 646.00 157.00 3.00 128.12
000015 692.00 177.00 5.00 76.87
000015 657.00 170.00 3.00 128.12
000015 793.00 55.00 9.00 42.71
000015 782.00 56.00 8.00 48.05
000015 1035.00 72.00 28.00 13.73
000015 676.00 188.00 5.00 76.87
000015 676.00 167.00 3.00 128.12
000015 782.00 151.00 8.00 48.05
000015 661.00 182.00 3.00 128.12
000015 675.00 164.00 3.00 128.12
000015 777.00 148.00 8.00 48.05
000015 780.00 60.00 8.00 48.05
000015 781.00 60.00 9.00 42.71
000015 764.00 120.00 8.00 48.05
000015 674.00 176.00 4.00 96.09
000015 782.00 151.00 9.00 42.71
000015 691.00 180.00 5.00 76.87
000015 702.00 167.00 6.00 64.06
000015 692.00 178.00 4.00 96.09
000015 650.00 135.00 3.00 128.12
000015 661.00 183.00 3.00 128.12
000015 785.00 149.00 10.00 38.44
000015 750.00 156.00 7.00 54.91
000015 854.00 126.00 14.00 27.46
000015 656.00 173.00 3.00 128.12
000015 798.00 118.00 10.00 38.44
000015 746.00 157.00 7.00 54.91
000015 852.00 127.00 12.00 32.03
000015 689.00 188.00 5.00 76.87
000015 688.00 112.00 4.00 96.09
000015 659.00 168.00 3.00 128.12
000015 696.00 177.00 5.00 76.87
000015 855.00 123.00 13.00 29.57
000015 779.00 154.00 8.00 48.05
000015 779.00 156.00 9.00 42.71
000015 771.00 159.00 9.00 42.71
000015 774.00 157.00 8.00 48.05
000015 1074.00 43.00 33.00 11.65
000015 798.00 143.00 10.00 38.44
000015 784.00 154.00 8.00 48.05
000015 798.00 143.00 10.00 38.44
000015 626.00 148.00 2.00 192.19
000015 626.00 148.00 2.00 192.19
000015 769.00 160.00 8.00 48.05
